0 0.41015625 0.3898837765625 0.421875 0.4047082546875 0.4306640625 0.4061907015625 0.443359375 0.392848671875 0.466796875 0.2920422203125 0.466796875 0.27128795 0.4541015625 0.2520161296875 0.4443359375 0.2520161296875 0.43359375 0.26535815937499996 0.412109375 0.35430502812500003 0.41015625 0.3898837765625
0 0.259765625 0.22681451562500002 0.287109375 0.2623932640625 0.2978515625 0.2638757109375 0.30859375 0.2534985765625 0.30859375 0.22088472499999998 0.2587890625 0.142314990625 0.2470703125 0.133420303125 0.2353515625 0.1363852 0.2265625 0.1556570203125 0.228515625 0.1704814984375 0.259765625 0.22681451562500002
0 0.083984375 0.3513401328125 0.09375 0.3602348203125 0.1142578125 0.3557874765625 0.1767578125 0.30834914687500004 0.181640625 0.295007115625 0.177734375 0.27128795 0.1708984375 0.2638757109375 0.1533203125 0.2638757109375 0.0908203125 0.30834914687500004 0.08203125 0.3216911765625 0.080078125 0.3365156546875 0.083984375 0.3513401328125
0 0.0625 0.128972959375 0.07421875 0.14972722968750002 0.0869140625 0.151209678125 0.1513671875 0.0948766609375 0.158203125 0.0815346296875 0.158203125 0.0607803609375 0.1474609375 0.044473434374999996 0.1318359375 0.044473434374999996 0.0712890625 0.10080645156250001 0.0625 0.117113378125 0.0625 0.128972959375
0 0.44921875 0.49662001875 0.458984375 0.511444496875 0.4775390625 0.5099620500000001 0.486328125 0.49069022812499996 0.51171875 0.392848671875 0.51171875 0.3809890890625 0.5029296875 0.36468216249999996 0.4912109375 0.3617172671875 0.478515625 0.37505929843749997 0.45703125 0.44621679375 0.44921875 0.49662001875
0 0.3984375 0.5233040796874999 0.4140625 0.5381285578125 0.431640625 0.526268975 0.43359375 0.5025498109375001 0.400390625 0.401743359375 0.3935546875 0.3913662234375 0.3779296875 0.3913662234375 0.3671875 0.41360294062499997 0.37109375 0.43435721093749996 0.3984375 0.5233040796874999
0 0.4951171875 0.53961100625 0.556640625 0.594461575 0.5712890625 0.5929791265625 0.578125 0.5826019921875 0.578125 0.55591793125 0.5693359375 0.5425759015625 0.5068359375 0.486242884375 0.4970703125 0.486242884375 0.486328125 0.49958491406250005 0.484375 0.5233040796874999 0.4951171875 0.53961100625
0 0.5625 0.6656190703125 0.576171875 0.677478653125 0.59375 0.6656190703125 0.60546875 0.6330052187499999 0.623046875 0.5618477234375 0.623046875 0.541093453125 0.6142578125 0.5277514234375 0.5986328125 0.5277514234375 0.58984375 0.541093453125 0.5625 0.6330052187499999 0.5625 0.6656190703125
0 0.599609375 0.6656190703125 0.611328125 0.68340844375 0.6884765625 0.681925996875 0.703125 0.6715488609375 0.70703125 0.6507945921875 0.703125 0.6359701140625 0.6923828125 0.6255929796874999 0.6103515625 0.6315227703125 0.6015625 0.6448648 0.599609375 0.6656190703125
0 0.7041015625 0.554435484375 0.712890625 0.5588828265625 0.732421875 0.5440583484375 0.767578125 0.47290085312499996 0.775390625 0.44918168906249994 0.7685546875 0.4239800765625 0.7548828125 0.418050284375 0.7451171875 0.4239800765625 0.703125 0.5084796015624999 0.697265625 0.5381285578125 0.7041015625 0.554435484375
0 0.578125 0.8227585390625001 0.58984375 0.8405479124999999 0.6025390625 0.8420303609375 0.61328125 0.825723434375 0.6328125 0.7249169828124999 0.6328125 0.7011978171875 0.6240234375 0.6878557875 0.6083984375 0.6878557875 0.599609375 0.7011978171875 0.578125 0.80200426875 0.578125 0.8227585390625001
0 0.615234375 0.6092860531250001 0.630859375 0.6270754265625 0.6572265625 0.628557875 0.6689453125 0.6196631874999999 0.7119140625 0.6166982921875 0.72265625 0.5914966796875001 0.7119140625 0.5692599625 0.7041015625 0.5662950671875 0.6259765625 0.5722248578125 0.615234375 0.588531784375 0.615234375 0.6092860531250001
0 0.45703125 0.6596892796875 0.466796875 0.6715488609375 0.5498046875 0.6552419359375 0.55859375 0.6418999046875 0.560546875 0.62411053125 0.5498046875 0.604838709375 0.4677734375 0.6196631874999999 0.455078125 0.6418999046875 0.45703125 0.6596892796875
0 0.5478515625 0.52182163125 0.564453125 0.5233040796874999 0.6386363640625 0.5209591171875 0.6375 0.4674831796875 0.5478515625 0.47141840625000003 0.5390625 0.481795540625 0.537109375 0.5084796015624999 0.5478515625 0.52182163125
0 0.51953125 0.46400616718750004 0.52734375 0.47290085312499996 0.5439453125 0.4743833015625 0.6083984375 0.4358396578125 0.6171875 0.422497628125 0.6171875 0.39877846250000004 0.5966796875 0.3854364328125 0.5283203125 0.4210151796875 0.515625 0.44621679375 0.51953125 0.46400616718750004
0 0.630859375 0.5440583484375 0.640625 0.5618477234375 0.6591796875 0.560365275 0.7261363640625 0.464033121875 0.6954545453125001 0.4364326375 0.630859375 0.5292338703125 0.630859375 0.5440583484375
0 0.619140625 0.4402870015625 0.62890625 0.452146584375 0.6416015625 0.4536290328125 0.65625 0.43435721093749996 0.689453125 0.3513401328125 0.6884765625 0.320208728125 0.6689453125 0.3172438328125 0.64453125 0.35726992343749997 0.6171875 0.4254625234375 0.619140625 0.4402870015625
0 0.671590909375 0.3950319125 0.6761363640625 0.4398826984375 0.767578125 0.383953984375 0.771484375 0.36616461093749997 0.7626953125 0.3468927890625 0.7490234375 0.34392789375 0.671590909375 0.3950319125
0 0.4454545453125 0.7883387953125001 0.5234375 0.8494426 0.5400390625 0.850925046875 0.544921875 0.8435128078125 0.546875 0.8138638515625001 0.5419921875 0.8034867171875 0.4704545453125 0.7538381921874999 0.4454545453125 0.7883387953125001
0 0.4125 0.7314127984375001 0.42272727187500003 0.75038813125 0.5126953125 0.7382590140625 0.51953125 0.7189871921875 0.515625 0.6982329218750001 0.5048828125 0.6878557875 0.4238636359375 0.6969121953124999 0.4125 0.7314127984375001
0 0.388671875 0.6893382359375 0.40234375 0.7011978171875 0.4130859375 0.6997153703125 0.46931818124999997 0.58823529375 0.44886363593749995 0.5709849921875 0.38671875 0.6656190703125 0.388671875 0.6893382359375