0 0.587890625 0.35430502812500003 0.56640625 0.26535815937499996 0.5556640625 0.2520161296875 0.5458984375 0.2520161296875 0.533203125 0.27128795 0.533203125 0.2920422203125 0.556640625 0.392848671875 0.5693359375 0.4061907015625 0.578125 0.4047082546875 0.58984375 0.3898837765625 0.587890625 0.35430502812500003
0 0.771484375 0.1704814984375 0.7734375 0.1556570203125 0.7646484375 0.1363852 0.7529296875 0.133420303125 0.7412109375 0.142314990625 0.69140625 0.22088472499999998 0.69140625 0.2534985765625 0.7021484375 0.2638757109375 0.712890625 0.2623932640625 0.740234375 0.22681451562500002 0.771484375 0.1704814984375
0 0.919921875 0.3365156546875 0.91796875 0.3216911765625 0.9091796875 0.30834914687500004 0.8466796875 0.2638757109375 0.8291015625 0.2638757109375 0.822265625 0.27128795 0.818359375 0.295007115625 0.8232421875 0.30834914687500004 0.8857421875 0.3557874765625 0.90625 0.3602348203125 0.916015625 0.3513401328125 0.919921875 0.3365156546875
0 0.9375 0.117113378125 0.9287109375 0.10080645156250001 0.8681640625 0.044473434374999996 0.8525390625 0.044473434374999996 0.841796875 0.0607803609375 0.841796875 0.0815346296875 0.8486328125 0.0948766609375 0.9130859375 0.151209678125 0.92578125 0.14972722968750002 0.9375 0.128972959375 0.9375 0.117113378125
0 0.54296875 0.44621679375 0.521484375 0.37505929843749997 0.5087890625 0.3617172671875 0.4970703125 0.36468216249999996 0.48828125 0.3809890890625 0.48828125 0.392848671875 0.513671875 0.49069022812499996 0.5224609375 0.5099620500000001 0.541015625 0.511444496875 0.55078125 0.49662001875 0.54296875 0.44621679375
0 0.62890625 0.43435721093749996 0.6328125 0.41360294062499997 0.6220703125 0.3913662234375 0.6064453125 0.3913662234375 0.599609375 0.401743359375 0.56640625 0.5025498109375001 0.568359375 0.526268975 0.5859375 0.5381285578125 0.6015625 0.5233040796874999 0.62890625 0.43435721093749996
0 0.515625 0.5233040796874999 0.513671875 0.49958491406250005 0.5029296875 0.486242884375 0.4931640625 0.486242884375 0.4306640625 0.5425759015625 0.421875 0.55591793125 0.421875 0.5826019921875 0.4287109375 0.5929791265625 0.443359375 0.594461575 0.5048828125 0.53961100625 0.515625 0.5233040796874999
0 0.4375 0.6330052187499999 0.41015625 0.541093453125 0.4013671875 0.5277514234375 0.3857421875 0.5277514234375 0.376953125 0.541093453125 0.376953125 0.5618477234375 0.39453125 0.6330052187499999 0.40625 0.6656190703125 0.423828125 0.677478653125 0.4375 0.6656190703125 0.4375 0.6330052187499999
0 0.3984375 0.6448648 0.3896484375 0.6315227703125 0.3076171875 0.6255929796874999 0.296875 0.6359701140625 0.29296875 0.6507945921875 0.296875 0.6715488609375 0.3115234375 0.681925996875 0.388671875 0.68340844375 0.400390625 0.6656190703125 0.3984375 0.6448648
0 0.302734375 0.5381285578125 0.296875 0.5084796015624999 0.2548828125 0.4239800765625 0.2451171875 0.418050284375 0.2314453125 0.4239800765625 0.224609375 0.44918168906249994 0.232421875 0.47290085312499996 0.267578125 0.5440583484375 0.287109375 0.5588828265625 0.2958984375 0.554435484375 0.302734375 0.5381285578125
0 0.421875 0.80200426875 0.400390625 0.7011978171875 0.3916015625 0.6878557875 0.3759765625 0.6878557875 0.3671875 0.7011978171875 0.3671875 0.7249169828124999 0.38671875 0.825723434375 0.3974609375 0.8420303609375 0.41015625 0.8405479124999999 0.421875 0.8227585390625001 0.421875 0.80200426875
0 0.384765625 0.588531784375 0.3740234375 0.5722248578125 0.2958984375 0.5662950671875 0.2880859375 0.5692599625 0.27734375 0.5914966796875001 0.2880859375 0.6166982921875 0.3310546875 0.6196631874999999 0.3427734375 0.628557875 0.369140625 0.6270754265625 0.384765625 0.6092860531250001 0.384765625 0.588531784375
0 0.544921875 0.6418999046875 0.5322265625 0.6196631874999999 0.4501953125 0.604838709375 0.439453125 0.62411053125 0.44140625 0.6418999046875 0.4501953125 0.6552419359375 0.533203125 0.6715488609375 0.54296875 0.6596892796875 0.544921875 0.6418999046875
0 0.462890625 0.5084796015624999 0.4609375 0.481795540625 0.4521484375 0.47141840625000003 0.3625 0.46748318125 0.3613636359375 0.5209591171875 0.435546875 0.5233040796874999 0.4521484375 0.52182163125 0.462890625 0.5084796015624999
0 0.484375 0.44621679375 0.4716796875 0.4210151796875 0.4033203125 0.3854364328125 0.3828125 0.39877846250000004 0.3828125 0.422497628125 0.3916015625 0.4358396578125 0.4560546875 0.4743833015625 0.47265625 0.47290085312499996 0.48046875 0.46400616718750004 0.484375 0.44621679375
0 0.369140625 0.5292338703125 0.3045454546875 0.4364326375 0.2738636359375 0.4640331203125 0.3408203125 0.560365275 0.359375 0.5618477234375 0.369140625 0.5440583484375 0.369140625 0.5292338703125
0 0.3828125 0.4254625234375 0.35546875 0.35726992343749997 0.3310546875 0.3172438328125 0.3115234375 0.320208728125 0.310546875 0.3513401328125 0.34375 0.43435721093749996 0.3583984375 0.4536290328125 0.37109375 0.452146584375 0.380859375 0.4402870015625 0.3828125 0.4254625234375
0 0.2509765625 0.34392789375 0.2373046875 0.3468927890625 0.228515625 0.36616461093749997 0.232421875 0.383953984375 0.3238636359375 0.4398826984375 0.328409090625 0.3950319125 0.2509765625 0.34392789375
0 0.5295454546875 0.7538381921874999 0.4580078125 0.8034867171875 0.453125 0.8138638515625001 0.455078125 0.8435128078125 0.4599609375 0.850925046875 0.4765625 0.8494426 0.5545454546874999 0.7883387953125001 0.5295454546875 0.7538381921874999
0 0.5761363640625 0.6969121953124999 0.4951171875 0.6878557875 0.484375 0.6982329218750001 0.48046875 0.7189871921875 0.4873046875 0.7382590140625 0.5772727265625 0.75038813125 0.5875 0.7314128 0.5761363640625 0.6969121953124999
0 0.61328125 0.6656190703125 0.5511363640625 0.5709849921875 0.53068181875 0.58823529375 0.5869140625 0.6997153703125 0.59765625 0.7011978171875 0.611328125 0.6893382359375 0.61328125 0.6656190703125