1 0.1329787234375 0.7616649875 0.16622340468750002 0.766700234375 0.1978058515625 0.7364887546875 0.2111037234375 0.697885196875 0.18118351093750001 0.68277945625 0.1512632984375 0.697885196875 0.1363031921875 0.7180261828125001 0.1180186171875 0.7415240015625 0.1329787234375 0.7616649875
1 0.3241356390625 0.8388721046875001 0.31582446875 0.78516280625 0.27925531875 0.77844914375 0.26263297812499997 0.8053037937499999 0.2742686171875 0.87411883125 0.3075132984375 0.8757972468749999 0.3241356390625 0.8388721046875001
1 0.46043882968750005 0.7180261828125001 0.4986702125 0.6727089625 0.4953457453125 0.6458543140625 0.46875 0.6273917421874999 0.4454787234375 0.657603221875 0.41888297812499997 0.68949311875 0.4388297875 0.7146693515625 0.46043882968750005 0.7180261828125001
1 0.17121010625 0.58039610625 0.19115691562499998 0.5266868078125 0.1645611703125 0.4998321578125 0.13464095781250002 0.5065458203125 0.1296542546875 0.56025511875 0.13131648906249999 0.58710976875 0.1446143609375 0.5854313531249999 0.17121010625 0.58039610625
1 0.28424202187500003 0.6357838203124999 0.28424202187500003 0.582074521875 0.2609707453125 0.5568982874999999 0.2277260640625 0.565290365625 0.23105053125000002 0.6156428328125 0.234375 0.6492111453125 0.25265957499999997 0.6508895609375001 0.28424202187500003 0.6357838203124999
1 0.29753989375 0.4243034578125 0.25598404218750004 0.4192682109375 0.24434840468750002 0.466263846875 0.2410239359375 0.5065458203125 0.27593085156249997 0.5132594828125 0.29753989375 0.48640483437500004 0.29753989375 0.4243034578125
1 0.56183510625 0.6273917421874999 0.53191489375 0.588788184375 0.500332446875 0.58039610625 0.4936835109375 0.6005370937500001 0.5053191484374999 0.6374622359375001 0.533577128125 0.6592816375 0.565159575 0.660960053125 0.56183510625 0.6273917421874999
1 0.5884308515625001 0.6307485734375 0.61003989375 0.57368244375 0.61003989375 0.5417925484375 0.58011968125 0.5317220546875 0.5684840421875 0.5485062093749999 0.5585106390625 0.582074521875 0.5585106390625 0.6139644171875001 0.5701462765625 0.6273917421874999 0.5884308515625001 0.6307485734375
1 0.62832446875 0.6693521312499999 0.6499335109375 0.6492111453125 0.6499335109375 0.6106075859375 0.6482712765625 0.582074521875 0.6183510640625001 0.582074521875 0.606715425 0.6072507546875 0.6050531921875 0.6508895609375001 0.608377659375 0.671030546875 0.62832446875 0.6693521312499999
1 0.686502659375 0.66263846875 0.7081117015625 0.6424974828125001 0.7097739359374999 0.595501846875 0.69980053125 0.561933534375 0.6648936171875001 0.561933534375 0.6499335109375 0.582074521875 0.65824468125 0.6341054046875 0.6665558515625001 0.65592480625 0.686502659375 0.66263846875
1 0.6665558515625001 0.5199731453124999 0.653257978125 0.4654246390625 0.6366356390625 0.45115810625 0.6166888296875 0.45787176875 0.611702128125 0.5031889890625 0.623337765625 0.5384357171875 0.6482712765625 0.5485062093749999 0.6665558515625001 0.5401141328125 0.6665558515625001 0.5199731453124999
1 0.719747340625 0.5334004703125 0.719747340625 0.489761665625 0.703125 0.44947969062500004 0.6798537234375 0.452836521875 0.6665558515625001 0.46458543125 0.66988031875 0.5015105734375 0.6815159578125 0.5350788859375 0.6981382984375 0.5468277953125 0.719747340625 0.5334004703125
1 0.827792553125 0.5031889890625 0.8078457453125001 0.48472641875000005 0.782912234375 0.489761665625 0.7563164890625 0.5166163140625 0.7413563828124999 0.5350788859375 0.749667553125 0.5568982874999999 0.7746010640625001 0.5636119500000001 0.8178191484375 0.5367573015625 0.827792553125 0.5031889890625
1 0.5551861703125 0.43437395156249997 0.5551861703125 0.384021484375 0.533577128125 0.377307821875 0.5119680843750001 0.3907351453125 0.5053191484374999 0.44108761406249997 0.5036569156249999 0.46458543125 0.528590425 0.47129909375 0.5551861703125 0.43437395156249997
1 0.34574468125 0.35716683437499996 0.34574468125 0.30345753593749997 0.3208111703125 0.27995971875 0.29753989375 0.3068143671875 0.29255319218750003 0.34206109375 0.2892287234375 0.37562940624999996 0.3208111703125 0.38066465312500003 0.34574468125 0.35716683437499996
1 0.4155585109375 0.5216515609375 0.42885638281249994 0.48808325 0.40558510625000005 0.46962067812499997 0.3789893609375 0.47129909375 0.3607047875 0.49647532656250004 0.34740691562500003 0.5350788859375 0.37234042500000003 0.551863040625 0.4155585109375 0.5216515609375
1 0.40059840468749996 0.6542463921875 0.4321808515625 0.6408190671875 0.42386968124999996 0.5971802625 0.3989361703125 0.5568982874999999 0.37234042500000003 0.575360859375 0.3656914890625 0.6038939234375 0.3823138296875 0.6357838203124999 0.40059840468749996 0.657603221875 0.40059840468749996 0.6542463921875
1 0.4753989359375 0.6022155078125 0.4621010640625 0.5568982874999999 0.4271941484375 0.5317220546875 0.407247340625 0.5451493796875 0.407247340625 0.57368244375 0.4271941484375 0.5938234312499999 0.45378989374999995 0.6189996640625 0.4753989359375 0.6022155078125
1 0.49035904218750004 0.466263846875 0.467087765625 0.4276602890625 0.44049202187500003 0.43437395156249997 0.44049202187500003 0.46962067812499997 0.44714095781249996 0.5132594828125 0.467087765625 0.5266868078125 0.4886968078125 0.5115810671875 0.49035904218750004 0.466263846875
1 0.5568484046875 0.558576703125 0.5568484046875 0.5182947296875 0.55019946875 0.48640483437500004 0.5236037234375 0.48640483437500004 0.51363031875 0.5065458203125 0.51363031875 0.5401141328125 0.5169547875 0.5703256125 0.5418882984375 0.577039275 0.5568484046875 0.558576703125
1 0.606715425 0.5082242359375 0.606715425 0.46962067812499997 0.5950797875 0.44108761406249997 0.58011968125 0.4243034578125 0.5585106390625 0.4326955359375 0.5568484046875 0.45787176875 0.563497340625 0.48808325 0.5701462765625 0.5132594828125 0.593417553125 0.5149378984374999 0.606715425 0.5082242359375
1 0.7097739359374999 0.44612285937499996 0.73636968125 0.44780127500000005 0.7696143609375 0.4293387046875 0.7912234046875 0.4008056390625 0.7762632984375 0.38066465312500003 0.752992021875 0.37562940624999996 0.7247340421875 0.39744880781249997 0.703125 0.4192682109375 0.704787234375 0.4326955359375 0.7097739359374999 0.44612285937499996
1 0.7912234046875 0.479691171875 0.81449468125 0.459550184375 0.81449468125 0.4326955359375 0.79621010625 0.4259818734375 0.7729388296875 0.4377307828125 0.7396941484374999 0.4679422625 0.7330452125 0.48304800312499996 0.7430186171875001 0.50906344375 0.767952128125 0.4981537421875 0.7912234046875 0.479691171875
1 0.8660239359374999 0.258140315625 0.8793218078124999 0.25310506875 0.9025930843750001 0.22625042031249998 0.9142287234375001 0.1893252765625 0.9009308515625 0.162470628125 0.8859707453125001 0.1607922125 0.8676861703125001 0.17086270625 0.8543882984375 0.2061094328125 0.8543882984375 0.237999328125 0.8660239359374999 0.258140315625
1 0.8078457453125001 0.1859684453125 0.8045212765624999 0.2061094328125 0.812832446875 0.2161799265625 0.8344414890625 0.2145015109375 0.851894946875 0.19436052343750002 0.8610372343750001 0.15575696562500002 0.8643617015625 0.132259146875 0.8427526593750001 0.1221886546875 0.8178191484375 0.1272239 0.8078457453125001 0.152400134375 0.8078457453125001 0.1859684453125
1 0.455452128125 0.3655589125 0.47207446875 0.37562940624999996 0.4886968078125 0.353810003125 0.49035904218750004 0.3135280296875 0.487034575 0.27995971875 0.47872340468749996 0.26653239375000004 0.452127659375 0.268210809375 0.4438164890625 0.27995971875 0.4438164890625 0.2984222890625 0.4454787234375 0.33870426249999996 0.455452128125 0.3655589125