0 0.607151328125 0.556640625 0.5938092984375001 0.5693359375 0.5952917453125 0.578125 0.6101162234374999 0.58984375 0.645694971875 0.587890625 0.7346418406249999 0.56640625 0.7479838703125 0.5556640625 0.7479838703125 0.5458984375 0.7287120500000001 0.533203125 0.7079577796875001 0.533203125 0.607151328125 0.556640625
0 0.7465014234375 0.69140625 0.7361242890625 0.7021484375 0.7376067359375 0.712890625 0.773185484375 0.740234375 0.8295185015625 0.771484375 0.8443429796874999 0.7734375 0.8636148 0.7646484375 0.8665796968749999 0.7529296875 0.857685009375 0.7412109375 0.779115275 0.69140625 0.7465014234375 0.69140625
0 0.704992884375 0.818359375 0.691650853125 0.8232421875 0.6442125234375 0.8857421875 0.6397651796875 0.90625 0.6486598671875 0.916015625 0.6634843453125 0.919921875 0.6783088234375 0.91796875 0.691650853125 0.9091796875 0.7361242890625 0.8466796875 0.7361242890625 0.8291015625 0.7287120500000001 0.822265625 0.704992884375 0.818359375
0 0.9051233390625001 0.8486328125 0.848790321875 0.9130859375 0.8502727703125 0.92578125 0.871027040625 0.9375 0.8828866218750001 0.9375 0.8991935484375 0.9287109375 0.955526565625 0.8681640625 0.955526565625 0.8525390625 0.9392196390625 0.841796875 0.9184653703125001 0.841796875 0.9051233390625001 0.8486328125
0 0.509309771875 0.513671875 0.49003794999999994 0.5224609375 0.488555503125 0.541015625 0.5033799812499999 0.55078125 0.55378320625 0.54296875 0.6249407015624999 0.521484375 0.6382827328125 0.5087890625 0.6353178374999999 0.4970703125 0.6190109109375 0.48828125 0.607151328125 0.48828125 0.509309771875 0.513671875
0 0.47373102500000003 0.568359375 0.4618714421875 0.5859375 0.4766959203125 0.6015625 0.5656427890625 0.62890625 0.5863970593750001 0.6328125 0.6086337765625001 0.6220703125 0.6086337765625001 0.6064453125 0.5982566406250001 0.599609375 0.49745018906249994 0.56640625 0.47373102500000003 0.568359375
0 0.4173980078125 0.421875 0.4070208734375 0.4287109375 0.40553842500000004 0.443359375 0.46038899375 0.5048828125 0.4766959203125 0.515625 0.5004150859375 0.513671875 0.513757115625 0.5029296875 0.513757115625 0.4931640625 0.4574240984375 0.4306640625 0.44408206874999995 0.421875 0.4173980078125 0.421875
0 0.36699478124999996 0.39453125 0.3343809296875 0.40625 0.322521346875 0.423828125 0.3343809296875 0.4375 0.36699478124999996 0.4375 0.45890654687500004 0.41015625 0.47224857656249997 0.4013671875 0.47224857656249997 0.3857421875 0.45890654687500004 0.376953125 0.4381522765625 0.376953125 0.36699478124999996 0.39453125
0 0.318074003125 0.3115234375 0.31659155625 0.388671875 0.3343809296875 0.400390625 0.3551352 0.3984375 0.36847722968749996 0.3896484375 0.3744070203125 0.3076171875 0.3640298859375 0.296875 0.3492054078125 0.29296875 0.3284511390625 0.296875 0.318074003125 0.3115234375
0 0.527099146875 0.232421875 0.4559416515625 0.267578125 0.4411171734375 0.287109375 0.445564515625 0.2958984375 0.4618714421875 0.302734375 0.4915203984375 0.296875 0.5760199234375001 0.2548828125 0.581949715625 0.2451171875 0.5760199234375001 0.2314453125 0.5508183109375 0.224609375 0.527099146875 0.232421875
0 0.174276565625 0.38671875 0.1579696390625 0.3974609375 0.1594520875 0.41015625 0.17724146093749998 0.421875 0.19799573125 0.421875 0.2988021828125 0.400390625 0.3121442125 0.3916015625 0.3121442125 0.3759765625 0.2988021828125 0.3671875 0.2750830171875 0.3671875 0.174276565625 0.38671875
0 0.3803368125 0.3310546875 0.371442125 0.3427734375 0.3729245734375 0.369140625 0.390713946875 0.384765625 0.41146821562499997 0.384765625 0.4277751421875 0.3740234375 0.43370493281250005 0.2958984375 0.4307400375 0.2880859375 0.4085033203125 0.27734375 0.3833017078125 0.2880859375 0.3803368125 0.3310546875
0 0.3284511390625 0.533203125 0.3403107203125 0.54296875 0.35810009531250003 0.544921875 0.3803368125 0.5322265625 0.395161290625 0.4501953125 0.37588946875 0.439453125 0.35810009531250003 0.44140625 0.3447580640625 0.4501953125 0.3284511390625 0.533203125
0 0.47817836874999997 0.4521484375 0.4915203984375 0.462890625 0.5182044593749999 0.4609375 0.52858159375 0.4521484375 0.5325168203125 0.3625 0.4790408828125 0.3613636359375 0.4766959203125 0.435546875 0.47817836874999997 0.4521484375
0 0.5256166984374999 0.4560546875 0.527099146875 0.47265625 0.5359938328125 0.48046875 0.55378320625 0.484375 0.5789848203125 0.4716796875 0.6145635671874999 0.4033203125 0.6012215375000001 0.3828125 0.577502371875 0.3828125 0.5641603421875 0.3916015625 0.5256166984374999 0.4560546875
0 0.4707661296875 0.369140625 0.5635673625 0.3045454546875 0.535966878125 0.2738636359375 0.439634725 0.3408203125 0.4381522765625 0.359375 0.4559416515625 0.369140625 0.4707661296875 0.369140625
0 0.5463709671875 0.3583984375 0.547853415625 0.37109375 0.5597129984375 0.380859375 0.5745374765625 0.3828125 0.6427300765624999 0.35546875 0.6827561671875 0.3310546875 0.679791271875 0.3115234375 0.6486598671875 0.310546875 0.5656427890625 0.34375 0.5463709671875 0.3583984375
0 0.65607210625 0.2509765625 0.6531072109375 0.2373046875 0.6338353890625 0.228515625 0.616046015625 0.232421875 0.5601173015625001 0.3238636359375 0.6049680875 0.328409090625 0.65607210625 0.2509765625
0 0.2116612046875 0.5545454546874999 0.2461618078125 0.5295454546875 0.1965132828125 0.4580078125 0.18613614843749998 0.453125 0.1564871921875 0.455078125 0.14907495312500002 0.4599609375 0.1505574 0.4765625 0.2116612046875 0.5545454546874999
0 0.26858720156250004 0.5875 0.30308780468749996 0.5761363640625 0.3121442125 0.4951171875 0.30176707812500003 0.484375 0.2810128078125 0.48046875 0.2617409859375 0.4873046875 0.24961186875000002 0.577272728125 0.26858720156250004 0.5875
0 0.3343809296875 0.61328125 0.4290150078125 0.5511363640625 0.41176470624999995 0.53068181875 0.3002846296875 0.5869140625 0.2988021828125 0.59765625 0.3106617640625 0.611328125 0.3343809296875 0.61328125