1 0.31722054375000003 0.18118351093750001 0.302114803125 0.1512632984375 0.28197381718750003 0.1363031921875 0.2584759984375 0.1180186171875 0.23833501250000003 0.1329787234375 0.233299765625 0.16622340468750002 0.26351124531250003 0.1978058515625 0.302114803125 0.2111037234375 0.31722054375000003 0.18118351093750001
1 0.22155085625 0.27925531875 0.19469620625 0.26263297812499997 0.12588116875 0.2742686171875 0.124202753125 0.3075132984375 0.1611278953125 0.3241356390625 0.21483719375 0.31582446875 0.22155085625 0.27925531875
1 0.3726082578125 0.46875 0.342396778125 0.4454787234375 0.31050688125 0.41888297812499997 0.2853306484375 0.4388297875 0.28197381718750003 0.46043882968750005 0.3272910375 0.4986702125 0.3541456859375 0.4953457453125 0.3726082578125 0.46875
1 0.4934541796875 0.13464095781250002 0.43974488125000005 0.1296542546875 0.41289023125 0.13131648906249999 0.414568646875 0.1446143609375 0.41960389375 0.17121010625 0.47331319218749995 0.19115691562499998 0.5001678421875 0.1645611703125 0.4934541796875 0.13464095781250002
1 0.434709634375 0.2277260640625 0.3843571671875 0.23105053125000002 0.3507888546875 0.234375 0.3491104390625 0.25265957499999997 0.3642161796875 0.28424202187500003 0.417925478125 0.28424202187500003 0.4431017125 0.2609707453125 0.434709634375 0.2277260640625
1 0.533736153125 0.24434840468750002 0.4934541796875 0.2410239359375 0.4867405171875 0.27593085156249997 0.513595165625 0.29753989375 0.5756965421875 0.29753989375 0.5807317890625 0.25598404218750004 0.533736153125 0.24434840468750002
1 0.39946290625 0.4936835109375 0.3625377640625 0.5053191484374999 0.3407183625 0.533577128125 0.339039946875 0.565159575 0.3726082578125 0.56183510625 0.41121181562500003 0.53191489375 0.41960389375 0.500332446875 0.39946290625 0.4936835109375
1 0.451493790625 0.5684840421875 0.417925478125 0.5585106390625 0.3860355828125 0.5585106390625 0.3726082578125 0.5701462765625 0.3692514265625 0.5884308515625001 0.42631755625 0.61003989375 0.4582074515625 0.61003989375 0.4682779453125 0.58011968125 0.451493790625 0.5684840421875
1 0.417925478125 0.6183510640625001 0.3927492453125 0.606715425 0.3491104390625 0.6050531921875 0.328969453125 0.608377659375 0.33064786874999996 0.62832446875 0.3507888546875 0.6499335109375 0.38939241406249997 0.6499335109375 0.417925478125 0.6482712765625 0.417925478125 0.6183510640625001
1 0.43806646562499996 0.6648936171875001 0.417925478125 0.6499335109375 0.3658945953125 0.65824468125 0.34407519375 0.6665558515625001 0.33736153125 0.686502659375 0.35750251718750004 0.7081117015625 0.40449815312500004 0.7097739359374999 0.43806646562499996 0.69980053125 0.43806646562499996 0.6648936171875001
1 0.4968110109375 0.611702128125 0.4615642828125 0.623337765625 0.451493790625 0.6482712765625 0.4598858671875 0.6665558515625001 0.48002685468750006 0.6665558515625001 0.5345753609375 0.653257978125 0.5488418937499999 0.6366356390625 0.54212823125 0.6166888296875 0.4968110109375 0.611702128125
1 0.53541456875 0.6665558515625001 0.4984894265625 0.66988031875 0.4649211140625 0.6815159578125 0.4531722046875 0.6981382984375 0.46659952968749996 0.719747340625 0.510238334375 0.719747340625 0.550520309375 0.703125 0.547163478125 0.6798537234375 0.53541456875 0.6665558515625001
1 0.4649211140625 0.7413563828124999 0.4431017125 0.749667553125 0.43638804999999997 0.7746010640625001 0.4632426984375 0.8178191484375 0.4968110109375 0.827792553125 0.51527358125 0.8078457453125001 0.510238334375 0.782912234375 0.48338368593750003 0.7563164890625 0.4649211140625 0.7413563828124999
1 0.6092648546875 0.5119680843750001 0.5589123859375 0.5053191484374999 0.53541456875 0.5036569156249999 0.52870090625 0.528590425 0.5656260484375 0.5551861703125 0.615978515625 0.5551861703125 0.622692178125 0.533577128125 0.6092648546875 0.5119680843750001
1 0.6931856328125 0.29753989375 0.65793890625 0.29255319218750003 0.6243705937499999 0.2892287234375 0.619335346875 0.3208111703125 0.642833165625 0.34574468125 0.6965424640625 0.34574468125 0.72004028125 0.3208111703125 0.6931856328125 0.29753989375
1 0.52870090625 0.3789893609375 0.5035246734375 0.3607047875 0.4649211140625 0.34740691562500003 0.44813695937500003 0.37234042500000003 0.4783484390625 0.4155585109375 0.5119167499999999 0.42885638281249994 0.530379321875 0.40558510625000005 0.52870090625 0.3789893609375
1 0.42463914062499997 0.37234042500000003 0.3961060765625 0.3656914890625 0.3642161796875 0.3823138296875 0.342396778125 0.40059840468749996 0.3457536078125 0.40059840468749996 0.3591809328125 0.4321808515625 0.40281973750000005 0.42386968124999996 0.4431017125 0.3989361703125 0.42463914062499997 0.37234042500000003
1 0.4548506203125 0.407247340625 0.42631755625 0.407247340625 0.40617656875 0.4271941484375 0.3810003359375 0.45378989374999995 0.3977844921875 0.4753989359375 0.4431017125 0.4621010640625 0.4682779453125 0.4271941484375 0.4548506203125 0.407247340625
1 0.530379321875 0.44049202187500003 0.4867405171875 0.44714095781249996 0.47331319218749995 0.467087765625 0.48841893281250004 0.4886968078125 0.533736153125 0.49035904218750004 0.5723397109375 0.467087765625 0.5656260484375 0.44049202187500003 0.530379321875 0.44049202187500003
1 0.4934541796875 0.51363031875 0.4598858671875 0.51363031875 0.4296743875 0.5169547875 0.422960725 0.5418882984375 0.44142329687500004 0.5568484046875 0.48170527031250004 0.5568484046875 0.513595165625 0.55019946875 0.513595165625 0.5236037234375 0.4934541796875 0.51363031875
1 0.54212823125 0.5568484046875 0.5119167499999999 0.563497340625 0.4867405171875 0.5701462765625 0.4850621015625 0.593417553125 0.4917757640625 0.606715425 0.530379321875 0.606715425 0.5589123859375 0.5950797875 0.5756965421875 0.58011968125 0.5673044640625 0.5585106390625 0.54212823125 0.5568484046875
1 0.6243705937499999 0.752992021875 0.6025511921875 0.7247340421875 0.5807317890625 0.703125 0.5673044640625 0.704787234375 0.553877140625 0.7097739359374999 0.552198725 0.73636968125 0.5706612953125 0.7696143609375 0.5991943609375 0.7912234046875 0.619335346875 0.7762632984375 0.6243705937499999 0.752992021875
1 0.5320577375 0.7396941484374999 0.516951996875 0.7330452125 0.49093655625 0.7430186171875001 0.5018462578125 0.767952128125 0.520308828125 0.7912234046875 0.5404498156249999 0.81449468125 0.5673044640625 0.81449468125 0.5740181265625 0.79621010625 0.5622692171875 0.7729388296875 0.5320577375 0.7396941484374999
1 0.8392077875 0.8859707453125001 0.82913729375 0.8676861703125001 0.7938905671875001 0.8543882984375 0.762000671875 0.8543882984375 0.7418596843749999 0.8660239359374999 0.7468949312500001 0.8793218078124999 0.7737495796875 0.9025930843750001 0.8106747234375 0.9142287234375001 0.8375293718749999 0.9009308515625 0.8392077875 0.8859707453125001
1 0.867740853125 0.8643617015625 0.8778113453125 0.8427526593750001 0.8727760999999999 0.8178191484375 0.8475998656250001 0.8078457453125001 0.8140315546875 0.8078457453125001 0.7938905671875001 0.8045212765624999 0.7838200734375 0.812832446875 0.7854984890625001 0.8344414890625 0.8056394765625001 0.851894946875 0.844243034375 0.8610372343750001 0.867740853125 0.8643617015625
1 0.731789190625 0.452127659375 0.72004028125 0.4438164890625 0.7015777109375 0.4438164890625 0.6612957374999999 0.4454787234375 0.6344410875000001 0.455452128125 0.6243705937499999 0.47207446875 0.646189996875 0.4886968078125 0.6864719703125 0.49035904218750004 0.72004028125 0.487034575 0.73346760625 0.47872340468749996 0.731789190625 0.452127659375